-------------------------
1		2		3		4		5		UV
0.0000000 	0.0000000 	0.0000000 	0.0000000 	0.5099854 	0.0000000
-------------------------
1		2		3		4		5		UV
0.0000000 	0.0000000 	0.0000000 	0.0000000 	0.5107910 	0.0000000
-------------------------
1		2		3		4		5		UV
0.0000000 	0.0000000 	0.0000000 	0.0000000 	0.5107910 	0.0000000
-------------------------
1		2		3		4		5		UV
0.0000000 	0.0000000 	0.0000000 	0.0000000 	0.5107910 	0.0000000
-------------------------
1		2		3		4		5		UV
0.0000000 	0.0000000 	0.0000000 	0.0000000 	0.5107910 	0.0000000
-------------------------
1		2		3		4		5		UV
0.0000000 	0.0000000 	0.0000000 	0.0000000 	0.5107910 	0.0000000
-------------------------
1		2		3		4		5		UV
0.0000000 	0.0000000 	0.0000000 	0.0000000 	0.5107910 	0.0000000
-------------------------
1		2		3		4		5		UV
0.0000000 	0.0000000 	0.0000000 	0.0000000 	0.5115967 	0.0000000
-------------------------
1		2		3		4		5		UV
0.0000000 	0.0000000 	0.0000000 	0.0000000 	0.5107910 	0.0000000
-------------------------
1		2		3		4		5		UV
0.0000000 	0.0000000 	0.0000000 	0.0000000 	0.5107910 	0.0000000
-------------------------
1		2		3		4		5		UV
0.0000000 	0.0000000 	0.0000000 	0.0000000 	0.5107910 	0.0000000
-------------------------
1		2		3		4		5		UV
0.0000000 	0.0000000 	0.0000000 	0.0000000 	0.5115967 	0.0000000
-------------------------
1		2		3		4		5		UV
0.0000000 	0.0000000 	0.0000000 	0.0000000 	0.0000000 	0.0000000
-------------------------
1		2		3		4		5		UV
0.0000000 	0.0000000 	0.0000000 	0.0000000 	0.5115967 	0.0000000
-------------------------
1		2		3		4		5		UV
0.0000000 	0.0000000 	0.0000000 	0.0000000 	0.5115967 	0.0000000
-------------------------
1		2		3		4		5		UV
0.0000000 	0.0000000 	0.0000000 	0.0000000 	0.5107910 	0.0000000
-------------------------
1		2		3		4		5		UV
0.0000000 	0.0000000 	0.0000000 	0.0000000 	0.5107910 	0.0000000
-------------------------
1		2		3		4		5		UV
0.0000000 	0.0000000 	0.0000000 	0.0000000 	0.5115967 	0.0000000
-------------------------
1		2		3		4		5		UV
0.0000000 	0.0000000 	0.0000000 	0.0000000 	0.5107910 	0.0000000
-------------------------
1		2		3		4		5		UV
0.0000000 	0.0000000 	0.0000000 	0.0000000 	0.5107910 	0.0000000
-------------------------
1		2		3		4		5		UV
0.0000000 	0.0000000 	0.0000000 	0.0000000 	0.5115967 	0.0000000
-------------------------
1		2		3		4		5		UV
0.0000000 	0.0000000 	0.0000000 	0.0000000 	0.5107910 	0.0000000
-------------------------
1		2		3		4		5		UV
0.0000000 	0.0000000 	0.0000000 	0.0000000 	0.5115967 	0.0000000
-------------------------
1		2		3		4		5		UV
0.0000000 	0.0000000 	0.0000000 	0.0000000 	0.5115967 	0.0000000
-------------------------
1		2		3		4		5		UV
0.0000000 	0.0000000 	0.0000000 	0.0000000 	0.5115967 	0.0000000
-------------------------
1		2		3		4		5		UV
0.0000000 	0.0000000 	0.0000000 	0.0000000 	0.5115967 	0.0000000
-------------------------
1		2		3		4		5		UV
0.0000000 	0.0000000 	0.0000000 	0.5115967 	0.5115967 	0.0000000
-------------------------
1		2		3		4		5		UV
0.0000000 	0.0000000 	0.0000000 	0.0000000 	0.0000000 	0.0000000
-------------------------
1		2		3		4		5		UV
0.0000000 	0.0000000 	0.0000000 	0.0000000 	0.5115967 	0.0000000
-------------------------
1		2		3		4		5		UV
0.0000000 	0.0000000 	0.0000000 	0.0000000 	0.5115967 	0.0000000
-------------------------
1		2		3		4		5		UV
0.0000000 	0.0000000 	0.0000000 	0.0000000 	0.5115967 	0.0000000
-------------------------
1		2		3		4		5		UV
0.0000000 	0.0000000 	0.0000000 	0.0000000 	0.5115967 	0.0000000
-------------------------
1		2		3		4		5		UV
0.0000000 	0.0000000 	0.0000000 	0.0000000 	0.5115967 	0.0000000
-------------------------
1		2		3		4		5		UV
0.0000000 	0.0000000 	0.0000000 	0.0000000 	0.5115967 	0.0000000
-------------------------
1		2		3		4		5		UV
0.0000000 	0.0000000 	0.0000000 	0.0000000 	0.5115967 	0.0000000
-------------------------
1		2		3		4		5		UV
0.0000000 	0.0000000 	0.0000000 	0.0000000 	0.5115967 	0.0000000
-------------------------
1		2		3		4		5		UV
0.0000000 	0.0000000 	0.0000000 	0.0000000 	0.5115967 	0.0000000
-------------------------
1		2		3		4		5		UV
0.0000000 	0.0000000 	0.0000000 	0.0000000 	0.5115967 	0.0000000
-------------------------
1		2		3		4		5		UV
0.0000000 	0.0000000 	0.0000000 	0.0000000 	0.5115967 	0.0000000
-------------------------
1		2		3		4		5		UV
0.0000000 	0.0000000 	0.0000000 	0.0000000 	0.5115967 	0.0000000
-------------------------
1		2		3		4		5		UV
0.0000000 	0.0000000 	0.0000000 	0.0000000 	0.5115967 	0.0000000
-------------------------
1		2		3		4		5		UV
0.0000000 	0.0000000 	0.0000000 	0.0000000 	0.5115967 	0.0000000
-------------------------
1		2		3		4		5		UV
0.0000000 	0.0000000 	0.0000000 	0.0000000 	0.5115967 	0.0000000
-------------------------
1		2		3		4		5		UV
0.0000000 	0.0000000 	0.0000000 	0.0000000 	0.5115967 	0.0000000
-------------------------
1		2		3		4		5		UV
0.0000000 	0.0000000 	0.0000000 	0.0000000 	0.5115967 	0.0000000
-------------------------
1		2		3		4		5		UV
0.0000000 	0.0000000 	0.0000000 	0.0000000 	0.5107910 	0.0000000
-------------------------
1		2		3		4		5		UV
0.0000000 	0.0000000 	0.0000000 	0.0000000 	0.5099854 	0.0000000
-------------------------
1		2		3		4		5		UV
0.0000000 	0.0000000 	0.0000000 	0.0000000 	0.5099854 	0.0000000
-------------------------
1		2		3		4		5		UV
0.0000000 	0.0000000 	0.0000000 	0.0000000 	0.5099854 	0.0000000
-------------------------
1		2		3		4		5		UV
0.0000000 	0.0000000 	0.0000000 	0.0000000 	0.5091797 	0.0000000
-------------------------
1		2		3		4		5		UV
0.0000000 	0.0000000 	0.0000000 	0.0000000 	0.5083740 	0.0000000
-------------------------
1		2		3		4		5		UV
0.0000000 	0.0000000 	0.0000000 	0.0000000 	0.5075684 	0.0000000
-------------------------
1		2		3		4		5		UV
0.0000000 	0.0000000 	0.0000000 	0.0000000 	0.5067627 	0.0000000
-------------------------
1		2		3		4		5		UV
0.0000000 	0.0000000 	0.0000000 	0.0000000 	0.5051514 	0.0000000
-------------------------
1		2		3		4		5		UV
0.0000000 	0.0000000 	0.0000000 	0.0000000 	0.5027344 	0.0000000
-------------------------
1		2		3		4		5		UV
0.0000000 	0.0000000 	0.0000000 	0.0000000 	0.5003174 	0.0000000
-------------------------
1		2		3		4		5		UV
0.0000000 	0.0000000 	0.0000000 	0.0000000 	0.4987061 	0.0000000
-------------------------
1		2		3		4		5		UV
0.0000000 	0.0000000 	0.0000000 	0.0000000 	0.4962891 	0.0000000
-------------------------
1		2		3		4		5		UV
0.0000000 	0.0000000 	0.0000000 	0.0000000 	0.4938721 	0.0000000
-------------------------
1		2		3		4		5		UV
0.0000000 	0.0000000 	0.0000000 	0.0000000 	0.0000000 	0.0000000
-------------------------
1		2		3		4		5		UV
0.4914551 	0.4906494 	0.0000000 	0.0000000 	0.0000000 	0.0000000
-------------------------
1		2		3		4		5		UV
0.0000000 	0.0000000 	0.0000000 	0.0000000 	0.4890381 	0.0000000
-------------------------
1		2		3		4		5		UV
0.0000000 	0.0000000 	0.0000000 	0.0000000 	0.4874268 	0.0000000
-------------------------
1		2		3		4		5		UV
0.0000000 	0.0000000 	0.0000000 	0.0000000 	0.4874268 	0.0000000
-------------------------
1		2		3		4		5		UV
0.0000000 	0.0000000 	0.0000000 	0.0000000 	0.4866211 	0.0000000
-------------------------
1		2		3		4		5		UV
0.0000000 	0.0000000 	0.0000000 	0.0000000 	0.4858154 	0.0000000
-------------------------
1		2		3		4		5		UV
0.0000000 	0.0000000 	0.0000000 	0.0000000 	0.4858154 	0.0000000
-------------------------
1		2		3		4		5		UV
0.0000000 	0.0000000 	0.0000000 	0.0000000 	0.4858154 	0.0000000
-------------------------
1		2		3		4		5		UV
0.0000000 	0.0000000 	0.0000000 	0.0000000 	0.4858154 	0.0000000
-------------------------
1		2		3		4		5		UV
0.0000000 	0.0000000 	0.0000000 	0.0000000 	0.4866211 	0.0000000
-------------------------
1		2		3		4		5		UV
0.0000000 	0.0000000 	0.0000000 	0.0000000 	0.4858154 	0.0000000
-------------------------
1		2		3		4		5		UV
0.0000000 	0.0000000 	0.0000000 	0.0000000 	0.4858154 	0.0000000
-------------------------
1		2		3		4		5		UV
0.0000000 	0.0000000 	0.0000000 	0.0000000 	0.4858154 	0.0000000
-------------------------
1		2		3		4		5		UV
0.0000000 	0.0000000 	0.0000000 	0.0000000 	0.4850098 	0.0000000
-------------------------
1		2		3		4		5		UV
0.0000000 	0.0000000 	0.0000000 	0.0000000 	0.4850098 	0.0000000
-------------------------
1		2		3		4		5		UV
0.0000000 	0.0000000 	0.0000000 	0.0000000 	0.4850098 	0.0000000
-------------------------
1		2		3		4		5		UV
0.0000000 	0.0000000 	0.0000000 	0.0000000 	0.4858154 	0.0000000
-------------------------
1		2		3		4		5		UV
0.0000000 	0.0000000 	0.0000000 	0.0000000 	0.4866211 	0.0000000
-------------------------
1		2		3		4		5		UV
0.0000000 	0.0000000 	0.0000000 	0.0000000 	0.4874268 	0.0000000
-------------------------
1		2		3		4		5		UV
0.0000000 	0.0000000 	0.0000000 	0.0000000 	0.4898437 	0.0000000
-------------------------
1		2		3		4		5		UV
0.0000000 	0.0000000 	0.0000000 	0.0000000 	0.4938721 	0.0000000
-------------------------
1		2		3		4		5		UV
0.0000000 	0.0000000 	0.0000000 	0.0000000 	0.4962891 	0.0000000
-------------------------
1		2		3		4		5		UV
0.0000000 	0.0000000 	0.0000000 	0.0000000 	0.4954834 	0.0000000
-------------------------
1		2		3		4		5		UV
0.0000000 	0.0000000 	0.0000000 	0.0000000 	0.4938721 	0.0000000
-------------------------
1		2		3		4		5		UV
0.0000000 	0.0000000 	0.0000000 	0.0000000 	0.4930664 	0.0000000
-------------------------
1		2		3		4		5		UV
0.0000000 	0.0000000 	0.0000000 	0.0000000 	0.4914551 	0.0000000
-------------------------
1		2		3		4		5		UV
0.0000000 	0.0000000 	0.0000000 	0.0000000 	0.4906494 	0.0000000
-------------------------
1		2		3		4		5		UV
0.0000000 	0.0000000 	0.0000000 	0.0000000 	0.4906494 	0.0000000
-------------------------
1		2		3		4		5		UV
0.0000000 	0.0000000 	0.0000000 	0.0000000 	0.4898437 	0.0000000
-------------------------
1		2		3		4		5		UV
0.0000000 	0.0000000 	0.0000000 	0.0000000 	0.4906494 	0.0000000
-------------------------
1		2		3		4		5		UV
0.0000000 	0.0000000 	0.0000000 	0.0000000 	0.4898437 	0.0000000
-------------------------
1		2		3		4		5		UV
0.0000000 	0.0000000 	0.0000000 	0.0000000 	0.4890381 	0.0000000
-------------------------
1		2		3		4		5		UV
0.0000000 	0.0000000 	0.0000000 	0.0000000 	0.4882324 	0.0000000
-------------------------
1		2		3		4		5		UV
0.0000000 	0.0000000 	0.0000000 	0.4858154 	0.4850098 	0.0000000
-------------------------
1		2		3		4		5		UV
0.0000000 	0.0000000 	0.0000000 	0.0000000 	0.0000000 	0.4850098
-------------------------
1		2		3		4		5		UV
0.0000000 	0.0000000 	0.0000000 	0.0000000 	0.4817871 	0.0000000
-------------------------
1		2		3		4		5		UV
0.0000000 	0.0000000 	0.0000000 	0.0000000 	0.4809814 	0.0000000
-------------------------
1		2		3		4		5		UV
0.0000000 	0.0000000 	0.0000000 	0.0000000 	0.4801758 	0.0000000
-------------------------
1		2		3		4		5		UV
0.0000000 	0.0000000 	0.0000000 	0.0000000 	0.4801758 	0.0000000
-------------------------
1		2		3		4		5		UV
0.0000000 	0.0000000 	0.0000000 	0.0000000 	0.4801758 	0.0000000
-------------------------
1		2		3		4		5		UV
0.0000000 	0.0000000 	0.0000000 	0.0000000 	0.4801758 	0.0000000
-------------------------
1		2		3		4		5		UV
0.0000000 	0.0000000 	0.0000000 	0.0000000 	0.4777588 	0.0000000
-------------------------
1		2		3		4		5		UV
0.0000000 	0.0000000 	0.0000000 	0.0000000 	0.4737305 	0.0000000
-------------------------
1		2		3		4		5		UV
0.0000000 	0.0000000 	0.0000000 	0.0000000 	0.4713135 	0.0000000
-------------------------
1		2		3		4		5		UV
0.0000000 	0.0000000 	0.0000000 	0.0000000 	0.4745361 	0.0000000
-------------------------
1		2		3		4		5		UV
0.0000000 	0.0000000 	0.0000000 	0.0000000 	0.4769531 	0.0000000
-------------------------
1		2		3		4		5		UV
0.0000000 	0.0000000 	0.0000000 	0.0000000 	0.4801758 	0.0000000
-------------------------
1		2		3		4		5		UV
0.0000000 	0.0000000 	0.0000000 	0.0000000 	0.4809814 	0.0000000
-------------------------
1		2		3		4		5		UV
0.0000000 	0.0000000 	0.0000000 	0.0000000 	0.4769531 	0.0000000
-------------------------
1		2		3		4		5		UV
0.0000000 	0.0000000 	0.0000000 	0.0000000 	0.4745361 	0.0000000
-------------------------
1		2		3		4		5		UV
0.0000000 	0.0000000 	0.0000000 	0.0000000 	0.4721191 	0.0000000
-------------------------
1		2		3		4		5		UV
0.0000000 	0.0000000 	0.0000000 	0.0000000 	0.4705078 	0.0000000
-------------------------
1		2		3		4		5		UV
0.0000000 	0.0000000 	0.0000000 	0.0000000 	0.4688965 	0.0000000
-------------------------
1		2		3		4		5		UV
0.0000000 	0.0000000 	0.0000000 	0.0000000 	0.4680908 	0.0000000
-------------------------
1		2		3		4		5		UV
0.0000000 	0.0000000 	0.0000000 	0.0000000 	0.4680908 	0.0000000
-------------------------
1		2		3		4		5		UV
0.0000000 	0.0000000 	0.0000000 	0.0000000 	0.4680908 	0.0000000
-------------------------
1		2		3		4		5		UV
0.0000000 	0.0000000 	0.0000000 	0.0000000 	0.4672852 	0.0000000
-------------------------
1		2		3		4		5		UV
0.0000000 	0.0000000 	0.0000000 	0.0000000 	0.4672852 	0.0000000
-------------------------
1		2		3		4		5		UV
0.0000000 	0.0000000 	0.0000000 	0.0000000 	0.4680908 	0.0000000
-------------------------
1		2		3		4		5		UV
0.0000000 	0.0000000 	0.0000000 	0.0000000 	0.4672852 	0.0000000
-------------------------
1		2		3		4		5		UV
0.0000000 	0.0000000 	0.0000000 	0.0000000 	0.4672852 	0.0000000
-------------------------
1		2		3		4		5		UV
0.0000000 	0.0000000 	0.0000000 	0.0000000 	0.4672852 	0.0000000
-------------------------
1		2		3		4		5		UV
0.0000000 	0.0000000 	0.0000000 	0.0000000 	0.4672852 	0.0000000
-------------------------
1		2		3		4		5		UV
0.0000000 	0.0000000 	0.0000000 	0.0000000 	0.4664795 	0.0000000
-------------------------
1		2		3		4		5		UV
0.0000000 	0.0000000 	0.0000000 	0.0000000 	0.4664795 	0.0000000
-------------------------
1		2		3		4		5		UV
0.0000000 	0.0000000 	0.0000000 	0.0000000 	0.4672852 	0.0000000
-------------------------
1		2		3		4		5		UV
0.0000000 	0.0000000 	0.0000000 	0.0000000 	0.0000000 	0.0000000
-------------------------
1		2		3		4		5		UV
0.4672852 	0.4672852 	0.0000000 	0.0000000 	0.0000000 	0.0000000
-------------------------
1		2		3		4		5		UV
0.0000000 	0.0000000 	0.0000000 	0.0000000 	0.4672852 	0.0000000
-------------------------
1		2		3		4		5		UV
0.0000000 	0.0000000 	0.0000000 	0.0000000 	0.4680908 	0.0000000
-------------------------
1		2		3		4		5		UV
0.0000000 	0.0000000 	0.0000000 	0.0000000 	0.4680908 	0.0000000
-------------------------
1		2		3		4		5		UV
0.0000000 	0.0000000 	0.0000000 	0.0000000 	0.4680908 	0.0000000
-------------------------
1		2		3		4		5		UV
0.0000000 	0.0000000 	0.0000000 	0.0000000 	0.4680908 	0.0000000
-------------------------
1		2		3		4		5		UV
0.0000000 	0.0000000 	0.0000000 	0.0000000 	0.4688965 	0.0000000
-------------------------
1		2		3		4		5		UV
0.0000000 	0.0000000 	0.0000000 	0.0000000 	0.4680908 	0.0000000
-------------------------
1		2		3		4		5		UV
0.0000000 	0.0000000 	0.0000000 	0.0000000 	0.4672852 	0.0000000
-------------------------
1		2		3		4		5		UV
0.0000000 	0.0000000 	0.0000000 	0.0000000 	0.4664795 	0.0000000
-------------------------
1		2		3		4		5		UV
0.0000000 	0.0000000 	0.0000000 	0.0000000 	0.4672852 	0.0000000
-------------------------
1		2		3		4		5		UV
0.0000000 	0.0000000 	0.0000000 	0.0000000 	0.4664795 	0.0000000
-------------------------
1		2		3		4		5		UV
0.0000000 	0.0000000 	0.0000000 	0.0000000 	0.4664795 	0.0000000
-------------------------
1		2		3		4		5		UV
0.0000000 	0.0000000 	0.0000000 	0.0000000 	0.4664795 	0.0000000
-------------------------
1		2		3		4		5		UV
0.0000000 	0.0000000 	0.0000000 	0.0000000 	0.4664795 	0.0000000
-------------------------
1		2		3		4		5		UV
0.0000000 	0.0000000 	0.0000000 	0.0000000 	0.4672852 	0.0000000
-------------------------
1		2		3		4		5		UV
0.0000000 	0.0000000 	0.0000000 	0.0000000 	0.4664795 	0.0000000
-------------------------
1		2		3		4		5		UV
0.0000000 	0.0000000 	0.0000000 	0.0000000 	0.4664795 	0.0000000
-------------------------
1		2		3		4		5		UV
0.0000000 	0.0000000 	0.0000000 	0.0000000 	0.4664795 	0.0000000
-------------------------
1		2		3		4		5		UV
0.0000000 	0.0000000 	0.0000000 	0.0000000 	0.4656738 	0.0000000
-------------------------
1		2		3		4		5		UV
0.0000000 	0.0000000 	0.0000000 	0.0000000 	0.4656738 	0.0000000
-------------------------
1		2		3		4		5		UV
0.0000000 	0.0000000 	0.0000000 	0.0000000 	0.4656738 	0.0000000
-------------------------
1		2		3		4		5		UV
0.0000000 	0.0000000 	0.0000000 	0.0000000 	0.4664795 	0.0000000
-------------------------
1		2		3		4		5		UV
0.0000000 	0.0000000 	0.0000000 	0.0000000 	0.4656738 	0.0000000
-------------------------
1		2		3		4		5		UV
0.0000000 	0.0000000 	0.0000000 	0.0000000 	0.4656738 	0.0000000
-------------------------
1		2		3		4		5		UV
0.0000000 	0.0000000 	0.0000000 	0.0000000 	0.4656738 	0.0000000
-------------------------
1		2		3		4		5		UV
0.0000000 	0.0000000 	0.0000000 	0.0000000 	0.4664795 	0.0000000
-------------------------
1		2		3		4		5		UV
0.0000000 	0.0000000 	0.0000000 	0.0000000 	0.4664795 	0.0000000
-------------------------
1		2		3		4		5		UV
0.0000000 	0.0000000 	0.0000000 	0.0000000 	0.4656738 	0.0000000
-------------------------
1		2		3		4		5		UV
0.0000000 	0.0000000 	0.0000000 	0.0000000 	0.4664795 	0.0000000
-------------------------
1		2		3		4		5		UV
0.0000000 	0.0000000 	0.0000000 	0.0000000 	0.4672852 	0.0000000
-------------------------
1		2		3		4		5		UV
0.0000000 	0.0000000 	0.0000000 	0.0000000 	0.4672852 	0.0000000
-------------------------
1		2		3		4		5		UV
0.0000000 	0.0000000 	0.0000000 	0.0000000 	0.4664795 	0.0000000
-------------------------
1		2		3		4		5		UV
0.0000000 	0.0000000 	0.0000000 	0.0000000 	0.4672852 	0.0000000
-------------------------
1		2		3		4		5		UV
0.0000000 	0.0000000 	0.0000000 	0.0000000 	0.0000000 	0.4672852
-------------------------
1		2		3		4		5		UV
0.0000000 	0.0000000 	0.0000000 	0.0000000 	0.4664795 	0.0000000
-------------------------
1		2		3		4		5		UV
0.0000000 	0.0000000 	0.0000000 	0.0000000 	0.4672852 	0.0000000
-------------------------
1		2		3		4		5		UV
0.0000000 	0.0000000 	0.0000000 	0.0000000 	0.4680908 	0.0000000
-------------------------
1		2		3		4		5		UV
0.0000000 	0.0000000 	0.0000000 	0.0000000 	0.4688965 	0.0000000
-------------------------
1		2		3		4		5		UV
0.0000000 	0.0000000 	0.0000000 	0.0000000 	0.4705078 	0.0000000
-------------------------
1		2		3		4		5		UV
0.0000000 	0.0000000 	0.0000000 	0.0000000 	0.4721191 	0.0000000
-------------------------
1		2		3		4		5		UV
0.0000000 	0.0000000 	0.0000000 	0.0000000 	0.4729248 	0.0000000
-------------------------
1		2		3		4		5		UV
0.0000000 	0.0000000 	0.0000000 	0.0000000 	0.4729248 	0.0000000
-------------------------
1		2		3		4		5		UV
0.0000000 	0.0000000 	0.0000000 	0.0000000 	0.4721191 	0.0000000
-------------------------
1		2		3		4		5		UV
0.0000000 	0.0000000 	0.0000000 	0.0000000 	0.4729248 	0.0000000
-------------------------
1		2		3		4		5		UV
0.0000000 	0.0000000 	0.0000000 	0.0000000 	0.4745361 	0.0000000
-------------------------
1		2		3		4		5		UV
0.0000000 	0.0000000 	0.0000000 	0.0000000 	0.4737305 	0.0000000
-------------------------
1		2		3		4		5		UV
0.0000000 	0.0000000 	0.0000000 	0.0000000 	0.4721191 	0.0000000
-------------------------
1		2		3		4		5		UV
0.0000000 	0.0000000 	0.0000000 	0.0000000 	0.4737305 	0.0000000
-------------------------
1		2		3		4		5		UV
0.0000000 	0.0000000 	0.0000000 	0.0000000 	0.4753418 	0.0000000
-------------------------
1		2		3		4		5		UV
0.0000000 	0.0000000 	0.0000000 	0.0000000 	0.4769531 	0.0000000
-------------------------
1		2		3		4		5		UV
0.0000000 	0.0000000 	0.0000000 	0.0000000 	0.4777588 	0.0000000
-------------------------
1		2		3		4		5		UV
0.0000000 	0.0000000 	0.0000000 	0.0000000 	0.4785645 	0.0000000
-------------------------
1		2		3		4		5		UV
0.0000000 	0.0000000 	0.0000000 	0.0000000 	0.4785645 	0.0000000
-------------------------
1		2		3		4		5		UV
0.0000000 	0.0000000 	0.0000000 	0.0000000 	0.4793701 	0.0000000
-------------------------
1		2		3		4		5		UV
0.0000000 	0.0000000 	0.0000000 	0.0000000 	0.4801758 	0.0000000
-------------------------
1		2		3		4		5		UV
0.0000000 	0.0000000 	0.0000000 	0.0000000 	0.4825928 	0.0000000
-------------------------
1		2		3		4		5		UV
0.0000000 	0.0000000 	0.0000000 	0.0000000 	0.4882324 	0.0000000
-------------------------
1		2		3		4		5		UV
0.0000000 	0.0000000 	0.0000000 	0.0000000 	0.4922607 	0.0000000
-------------------------
1		2		3		4		5		UV
0.0000000 	0.0000000 	0.0000000 	0.0000000 	0.4938721 	0.0000000
-------------------------
1		2		3		4		5		UV
0.0000000 	0.0000000 	0.0000000 	0.0000000 	0.4938721 	0.0000000
-------------------------
1		2		3		4		5		UV
0.0000000 	0.0000000 	0.0000000 	0.0000000 	0.4938721 	0.0000000
-------------------------
1		2		3		4		5		UV
0.0000000 	0.0000000 	0.0000000 	0.0000000 	0.4930664 	0.0000000
-------------------------
1		2		3		4		5		UV
0.0000000 	0.0000000 	0.0000000 	0.0000000 	0.4906494 	0.0000000
-------------------------
1		2		3		4		5		UV
0.0000000 	0.0000000 	0.0000000 	0.0000000 	0.4890381 	0.0000000
-------------------------
1		2		3		4		5		UV
0.0000000 	0.0000000 	0.0000000 	0.0000000 	0.4882324 	0.0000000
-------------------------
1		2		3		4		5		UV
0.0000000 	0.0000000 	0.0000000 	0.0000000 	0.0000000 	0.0000000
-------------------------
1		2		3		4		5		UV
0.0000000 	0.0000000 	0.4874268 	0.4874268 	0.0000000 	0.0000000
-------------------------
1		2		3		4		5		UV
0.0000000 	0.0000000 	0.0000000 	0.0000000 	0.4874268 	0.0000000
-------------------------
1		2		3		4		5		UV
0.0000000 	0.0000000 	0.0000000 	0.0000000 	0.4882324 	0.0000000
-------------------------
1		2		3		4		5		UV
0.0000000 	0.0000000 	0.0000000 	0.0000000 	0.4914551 	0.0000000
-------------------------
1		2		3		4		5		UV
0.0000000 	0.0000000 	0.0000000 	0.0000000 	0.5164307 	0.0000000
-------------------------
1		2		3		4		5		UV
0.0000000 	0.0000000 	0.0000000 	0.0000000 	0.5583252 	0.0000000
-------------------------
1		2		3		4		5		UV
0.0000000 	0.0000000 	0.0000000 	0.0000000 	0.6098877 	0.0000000
-------------------------
1		2		3		4		5		UV
0.0000000 	0.0000000 	0.0000000 	0.0000000 	0.6711182 	0.0000000
-------------------------
1		2		3		4		5		UV
0.0000000 	0.0000000 	0.0000000 	0.0000000 	0.7339600 	0.0000000
-------------------------
1		2		3		4		5		UV
0.0000000 	0.0000000 	0.0000000 	0.0000000 	0.7992187 	0.0000000
-------------------------
1		2		3		4		5		UV
0.0000000 	0.0000000 	0.0000000 	0.0000000 	0.8668945 	0.0000000
-------------------------
1		2		3		4		5		UV
0.0000000 	0.0000000 	0.0000000 	0.0000000 	0.9410156 	0.0000000
-------------------------
1		2		3		4		5		UV
0.0000000 	0.0000000 	0.0000000 	0.0000000 	1.0207764 	0.0000000
-------------------------
1		2		3		4		5		UV
0.0000000 	0.0000000 	0.0000000 	0.0000000 	1.1085938 	0.0000000
-------------------------
1		2		3		4		5		UV
0.0000000 	0.0000000 	0.0000000 	0.0000000 	1.2093018 	0.0000000
-------------------------
1		2		3		4		5		UV
0.0000000 	0.0000000 	0.0000000 	0.0000000 	1.3204834 	0.0000000
-------------------------
1		2		3		4		5		UV
0.0000000 	0.0000000 	0.0000000 	0.0000000 	1.4461670 	0.0000000
-------------------------
1		2		3		4		5		UV
0.0000000 	0.0000000 	0.0000000 	0.0000000 	1.5742676 	0.0000000
-------------------------
1		2		3		4		5		UV
0.0000000 	0.0000000 	0.0000000 	0.0000000 	1.7080078 	0.0000000
-------------------------
1		2		3		4		5		UV
0.0000000 	0.0000000 	0.0000000 	0.0000000 	1.8457764 	0.0000000
-------------------------
1		2		3		4		5		UV
0.0000000 	0.0000000 	0.0000000 	0.0000000 	1.9875732 	0.0000000
-------------------------
1		2		3		4		5		UV
0.0000000 	0.0000000 	0.0000000 	0.0000000 	2.1374268 	0.0000000
-------------------------
1		2		3		4		5		UV
0.0000000 	0.0000000 	0.0000000 	0.0000000 	2.2969482 	0.0000000
-------------------------
1		2		3		4		5		UV
0.0000000 	0.0000000 	0.0000000 	0.0000000 	2.4669434 	0.0000000
-------------------------
1		2		3		4		5		UV
0.0000000 	0.0000000 	0.0000000 	0.0000000 	2.6506348 	0.0000000
-------------------------
1		2		3		4		5		UV
0.0000000 	0.0000000 	0.0000000 	0.0000000 	2.8294922 	0.0000000
-------------------------
1		2		3		4		5		UV
0.0000000 	0.0000000 	0.0000000 	0.0000000 	3.0204346 	0.0000000
-------------------------
1		2		3		4		5		UV
0.0000000 	0.0000000 	0.0000000 	0.0000000 	3.2194336 	0.0000000
-------------------------
1		2		3		4		5		UV
0.0000000 	0.0000000 	0.0000000 	0.0000000 	3.2822754 	0.0000000
-------------------------
1		2		3		4		5		UV
0.0000000 	0.0000000 	0.0000000 	0.0000000 	3.2822754 	0.0000000
-------------------------
1		2		3		4		5		UV
0.0000000 	0.0000000 	0.0000000 	0.0000000 	3.2822754 	0.0000000
-------------------------
1		2		3		4		5		UV
0.0000000 	0.0000000 	0.0000000 	0.0000000 	3.2830811 	0.0000000
-------------------------
1		2		3		4		5		UV
0.0000000 	0.0000000 	0.0000000 	0.0000000 	3.2830811 	0.0000000
-------------------------
1		2		3		4		5		UV
0.0000000 	0.0000000 	0.0000000 	0.0000000 	0.0000000 	0.0000000
-------------------------
1		2		3		4		5		UV
3.2830811 	3.2830811 	0.0000000 	0.0000000 	0.0000000 	0.0000000
-------------------------
1		2		3		4		5		UV
0.0000000 	0.0000000 	0.0000000 	0.0000000 	3.2830811 	0.0000000
-------------------------
1		2		3		4		5		UV
0.0000000 	0.0000000 	0.0000000 	0.0000000 	3.2830811 	0.0000000
-------------------------
1		2		3		4		5		UV
0.0000000 	0.0000000 	0.0000000 	0.0000000 	3.2830811 	0.0000000
-------------------------
1		2		3		4		5		UV
0.0000000 	0.0000000 	0.0000000 	0.0000000 	3.2830811 	0.0000000
-------------------------
1		2		3		4		5		UV
0.0000000 	0.0000000 	0.0000000 	0.0000000 	3.2830811 	0.0000000
-------------------------
1		2		3		4		5		UV
0.0000000 	0.0000000 	0.0000000 	0.0000000 	3.2830811 	0.0000000
-------------------------
1		2		3		4		5		UV
0.0000000 	0.0000000 	0.0000000 	0.0000000 	3.2822754 	0.0000000
-------------------------
1		2		3		4		5		UV
0.0000000 	0.0000000 	0.0000000 	0.0000000 	3.2822754 	0.0000000
-------------------------
1		2		3		4		5		UV
0.0000000 	0.0000000 	0.0000000 	0.0000000 	3.2234619 	0.0000000
-------------------------
1		2		3		4		5		UV
0.0000000 	0.0000000 	0.0000000 	0.0000000 	2.8625244 	0.0000000
-------------------------
1		2		3		4		5		UV
0.0000000 	0.0000000 	0.0000000 	0.0000000 	2.4677490 	0.0000000
-------------------------
1		2		3		4		5		UV
0.0000000 	0.0000000 	0.0000000 	0.0000000 	2.0850586 	0.0000000
-------------------------
1		2		3		4		5		UV
0.0000000 	0.0000000 	0.0000000 	0.0000000 	1.7450684 	0.0000000
-------------------------
1		2		3		4		5		UV
0.0000000 	0.0000000 	0.0000000 	0.0000000 	1.4630859 	0.0000000
-------------------------
1		2		3		4		5		UV
0.0000000 	0.0000000 	0.0000000 	0.0000000 	1.2366943 	0.0000000
-------------------------
1		2		3		4		5		UV
0.0000000 	0.0000000 	0.0000000 	0.0000000 	1.0602539 	0.0000000
-------------------------
1		2		3		4		5		UV
0.0000000 	0.0000000 	0.0000000 	0.0000000 	0.9240967 	0.0000000
-------------------------
1		2		3		4		5		UV
0.0000000 	0.0000000 	0.0000000 	0.0000000 	0.8185547 	0.0000000
-------------------------
1		2		3		4		5		UV
0.0000000 	0.0000000 	0.0000000 	0.0000000 	0.7363770 	0.0000000
-------------------------
1		2		3		4		5		UV
0.0000000 	0.0000000 	0.0000000 	0.0000000 	0.6743408 	0.0000000
-------------------------
1		2		3		4		5		UV
0.0000000 	0.0000000 	0.0000000 	0.0000000 	0.6276123 	0.0000000
-------------------------
1		2		3		4		5		UV
0.0000000 	0.0000000 	0.0000000 	0.0000000 	0.5929687 	0.0000000
-------------------------
1		2		3		4		5		UV
0.0000000 	0.0000000 	0.0000000 	0.0000000 	0.5655762 	0.0000000
-------------------------
1		2		3		4		5		UV
0.0000000 	0.0000000 	0.0000000 	0.0000000 	0.5478516 	0.0000000
-------------------------
1		2		3		4		5		UV
0.0000000 	0.0000000 	0.0000000 	0.0000000 	0.5333496 	0.0000000
-------------------------
1		2		3		4		5		UV
0.0000000 	0.0000000 	0.0000000 	0.0000000 	0.5220703 	0.0000000
-------------------------
1		2		3		4		5		UV
0.0000000 	0.0000000 	0.0000000 	0.0000000 	0.5140137 	0.0000000
-------------------------
1		2		3		4		5		UV
0.0000000 	0.0000000 	0.0000000 	0.0000000 	0.5075684 	0.0000000
-------------------------
1		2		3		4		5		UV
0.0000000 	0.0000000 	0.0000000 	0.0000000 	0.5011230 	0.0000000
-------------------------
1		2		3		4		5		UV
0.0000000 	0.0000000 	0.0000000 	0.0000000 	0.4962891 	0.0000000
-------------------------
1		2		3		4		5		UV
0.0000000 	0.0000000 	0.0000000 	0.0000000 	0.4930664 	0.0000000
-------------------------
1		2		3		4		5		UV
0.0000000 	0.0000000 	0.0000000 	0.0000000 	0.4906494 	0.0000000
-------------------------
1		2		3		4		5		UV
0.0000000 	0.0000000 	0.0000000 	0.4890381 	0.4890381 	0.0000000
-------------------------
1		2		3		4		5		UV
0.0000000 	0.0000000 	0.0000000 	0.0000000 	0.0000000 	0.0000000
-------------------------
1		2		3		4		5		UV
0.0000000 	0.0000000 	0.0000000 	0.0000000 	0.4882324 	0.0000000
-------------------------
1		2		3		4		5		UV
0.0000000 	0.0000000 	0.0000000 	0.0000000 	0.4874268 	0.0000000
-------------------------
1		2		3		4		5		UV
0.0000000 	0.0000000 	0.0000000 	0.0000000 	0.4866211 	0.0000000
-------------------------
1		2		3		4		5		UV
0.0000000 	0.0000000 	0.0000000 	0.0000000 	0.4858154 	0.0000000
-------------------------
1		2		3		4		5		UV
0.0000000 	0.0000000 	0.0000000 	0.0000000 	0.4858154 	0.0000000
-------------------------
1		2		3		4		5		UV
0.0000000 	0.0000000 	0.0000000 	0.0000000 	0.4858154 	0.0000000
-------------------------
1		2		3		4		5		UV
0.0000000 	0.0000000 	0.0000000 	0.0000000 	0.4858154 	0.0000000
-------------------------
1		2		3		4		5		UV
0.0000000 	0.0000000 	0.0000000 	0.0000000 	0.4858154 	0.0000000
-------------------------
1		2		3		4		5		UV
0.0000000 	0.0000000 	0.0000000 	0.0000000 	0.4858154 	0.0000000
-------------------------
1		2		3		4		5		UV
0.0000000 	0.0000000 	0.0000000 	0.0000000 	0.4858154 	0.0000000
-------------------------
1		2		3		4		5		UV
0.0000000 	0.0000000 	0.0000000 	0.0000000 	0.4858154 	0.0000000
-------------------------
1		2		3		4		5		UV
0.0000000 	0.0000000 	0.0000000 	0.0000000 	0.4858154 	0.0000000
-------------------------
1		2		3		4		5		UV
0.0000000 	0.0000000 	0.0000000 	0.0000000 	0.4850098 	0.0000000
-------------------------
1		2		3		4		5		UV
0.0000000 	0.0000000 	0.0000000 	0.0000000 	0.4858154 	0.0000000
-------------------------
1		2		3		4		5		UV
0.0000000 	0.0000000 	0.0000000 	0.0000000 	0.4858154 	0.0000000
-------------------------
1		2		3		4		5		UV
0.0000000 	0.0000000 	0.0000000 	0.0000000 	0.4850098 	0.0000000
-------------------------
1		2		3		4		5		UV
0.0000000 	0.0000000 	0.0000000 	0.0000000 	0.4858154 	0.0000000
-------------------------
1		2		3		4		5		UV
0.0000000 	0.0000000 	0.0000000 	0.0000000 	0.4882324 	0.0000000
-------------------------
1		2		3		4		5		UV
0.0000000 	0.0000000 	0.0000000 	0.0000000 	0.4906494 	0.0000000
-------------------------
1		2		3		4		5		UV
0.0000000 	0.0000000 	0.0000000 	0.0000000 	0.4954834 	0.0000000
-------------------------
1		2		3		4		5		UV
0.0000000 	0.0000000 	0.0000000 	0.0000000 	0.5003174 	0.0000000
-------------------------
1		2		3		4		5		UV
0.0000000 	0.0000000 	0.0000000 	0.0000000 	0.5075684 	0.0000000
-------------------------
1		2		3		4		5		UV
0.0000000 	0.0000000 	0.0000000 	0.0000000 	0.5156250 	0.0000000
-------------------------
1		2		3		4		5		UV
0.0000000 	0.0000000 	0.0000000 	0.0000000 	0.5252930 	0.0000000
-------------------------
1		2		3		4		5		UV
0.0000000 	0.0000000 	0.0000000 	0.0000000 	0.5381836 	0.0000000
-------------------------
1		2		3		4		5		UV
0.0000000 	0.0000000 	0.0000000 	0.0000000 	0.5526855 	0.0000000
-------------------------
1		2		3		4		5		UV
0.0000000 	0.0000000 	0.0000000 	0.0000000 	0.5744385 	0.0000000
-------------------------
1		2		3		4		5		UV
0.0000000 	0.0000000 	0.0000000 	0.0000000 	0.6010254 	0.0000000
-------------------------
1		2		3		4		5		UV
0.0000000 	0.0000000 	0.0000000 	0.0000000 	0.6364746 	0.0000000
-------------------------
1		2		3		4		5		UV
0.0000000 	0.0000000 	0.0000000 	0.0000000 	0.6832031 	0.0000000
-------------------------
1		2		3		4		5		UV
0.0000000 	0.0000000 	0.0000000 	0.0000000 	0.7516846 	0.0000000
-------------------------
1		2		3		4		5		UV
0.0000000 	0.0000000 	0.0000000 	0.0000000 	0.0000000 	0.0000000
-------------------------
1		2		3		4		5		UV
0.9112061 	0.9385986 	0.0000000 	0.0000000 	0.0000000 	0.0000000
-------------------------
1		2		3		4		5		UV
0.0000000 	0.0000000 	0.0000000 	0.0000000 	1.2866455 	0.0000000
-------------------------
1		2		3		4		5		UV
0.0000000 	0.0000000 	0.0000000 	0.0000000 	1.6226074 	0.0000000
-------------------------
1		2		3		4		5		UV
0.0000000 	0.0000000 	0.0000000 	0.0000000 	2.0681396 	0.0000000
-------------------------
1		2		3		4		5		UV
0.0000000 	0.0000000 	0.0000000 	0.0000000 	2.5829590 	0.0000000
-------------------------
1		2		3		4		5		UV
0.0000000 	0.0000000 	0.0000000 	0.0000000 	3.0889160 	0.0000000
-------------------------
1		2		3		4		5		UV
0.0000000 	0.0000000 	0.0000000 	0.0000000 	3.2830811 	0.0000000
-------------------------
1		2		3		4		5		UV
0.0000000 	0.0000000 	0.0000000 	0.0000000 	3.2822754 	0.0000000
-------------------------
1		2		3		4		5		UV
0.0000000 	0.0000000 	0.0000000 	0.0000000 	3.2830811 	0.0000000
-------------------------
1		2		3		4		5		UV
0.0000000 	0.0000000 	0.0000000 	0.0000000 	3.2830811 	0.0000000
-------------------------
1		2		3		4		5		UV
0.0000000 	0.0000000 	0.0000000 	0.0000000 	3.2830811 	0.0000000
-------------------------
1		2		3		4		5		UV
0.0000000 	0.0000000 	0.0000000 	0.0000000 	3.2830811 	0.0000000
-------------------------
1		2		3		4		5		UV
0.0000000 	0.0000000 	0.0000000 	0.0000000 	3.2830811 	0.0000000
-------------------------
1		2		3		4		5		UV
0.0000000 	0.0000000 	0.0000000 	0.0000000 	3.2830811 	0.0000000
-------------------------
1		2		3		4		5		UV
0.0000000 	0.0000000 	0.0000000 	0.0000000 	3.2830811 	0.0000000
-------------------------
1		2		3		4		5		UV
0.0000000 	0.0000000 	0.0000000 	0.0000000 	3.2830811 	0.0000000
-------------------------
1		2		3		4		5		UV
0.0000000 	0.0000000 	0.0000000 	0.0000000 	3.2830811 	0.0000000
-------------------------
1		2		3		4		5		UV
0.0000000 	0.0000000 	0.0000000 	0.0000000 	3.2830811 	0.0000000
-------------------------
1		2		3		4		5		UV
0.0000000 	0.0000000 	0.0000000 	0.0000000 	3.2830811 	0.0000000
-------------------------
1		2		3		4		5		UV
0.0000000 	0.0000000 	0.0000000 	0.0000000 	3.2830811 	0.0000000
-------------------------
1		2		3		4		5		UV
0.0000000 	0.0000000 	0.0000000 	0.0000000 	3.2830811 	0.0000000
-------------------------
1		2		3		4		5		UV
0.0000000 	0.0000000 	0.0000000 	0.0000000 	3.2830811 	0.0000000
-------------------------
1		2		3		4		5		UV
0.0000000 	0.0000000 	0.0000000 	0.0000000 	3.2830811 	0.0000000
-------------------------
1		2		3		4		5		UV
0.0000000 	0.0000000 	0.0000000 	0.0000000 	3.2830811 	0.0000000
-------------------------
1		2		3		4		5		UV
0.0000000 	0.0000000 	0.0000000 	0.0000000 	3.2830811 	0.0000000
-------------------------
1		2		3		4		5		UV
0.0000000 	0.0000000 	0.0000000 	0.0000000 	3.2830811 	0.0000000
-------------------------
1		2		3		4		5		UV
0.0000000 	0.0000000 	0.0000000 	0.0000000 	3.2830811 	0.0000000
-------------------------
1		2		3		4		5		UV
0.0000000 	0.0000000 	0.0000000 	0.0000000 	3.2830811 	0.0000000
-------------------------
1		2		3		4		5		UV
0.0000000 	0.0000000 	0.0000000 	0.0000000 	3.2830811 	0.0000000
-------------------------
1		2		3		4		5		UV
0.0000000 	0.0000000 	0.0000000 	0.0000000 	3.2830811 	0.0000000
-------------------------
1		2		3		4		5		UV
0.0000000 	0.0000000 	0.0000000 	0.0000000 	3.2830811 	0.0000000
-------------------------
1		2		3		4		5		UV
0.0000000 	0.0000000 	0.0000000 	0.0000000 	3.2830811 	0.0000000
-------------------------
1		2		3		4		5		UV
0.0000000 	0.0000000 	0.0000000 	0.0000000 	3.2830811 	0.0000000
-------------------------
1		2		3		4		5		UV
0.0000000 	0.0000000 	0.0000000 	0.0000000 	3.2830811 	0.0000000
-------------------------
1		2		3		4		5		UV
0.0000000 	0.0000000 	0.0000000 	0.0000000 	0.0000000 	3.2830811
-------------------------
1		2		3		4		5		UV
0.0000000 	0.0000000 	0.0000000 	0.0000000 	3.2830811 	0.0000000
-------------------------
1		2		3		4		5		UV
0.0000000 	0.0000000 	0.0000000 	0.0000000 	3.2830811 	0.0000000
-------------------------
1		2		3		4		5		UV
0.0000000 	0.0000000 	0.0000000 	0.0000000 	3.2830811 	0.0000000
-------------------------
1		2		3		4		5		UV
0.0000000 	0.0000000 	0.0000000 	0.0000000 	3.2830811 	0.0000000
-------------------------
1		2		3		4		5		UV
0.0000000 	0.0000000 	0.0000000 	0.0000000 	3.2830811 	0.0000000
-------------------------
1		2		3		4		5		UV
0.0000000 	0.0000000 	0.0000000 	0.0000000 	3.2838867 	0.0000000
-------------------------
1		2		3		4		5		UV
0.0000000 	0.0000000 	0.0000000 	0.0000000 	3.2830811 	0.0000000
-------------------------
1		2		3		4		5		UV
0.0000000 	0.0000000 	0.0000000 	0.0000000 	3.2830811 	0.0000000
-------------------------
1		2		3		4		5		UV
0.0000000 	0.0000000 	0.0000000 	0.0000000 	2.9865967 	0.0000000
-------------------------
1		2		3		4		5		UV
0.0000000 	0.0000000 	0.0000000 	0.0000000 	2.4427734 	0.0000000
-------------------------
1		2		3		4		5		UV
0.0000000 	0.0000000 	0.0000000 	0.0000000 	1.9770996 	0.0000000
-------------------------
1		2		3		4		5		UV
0.0000000 	0.0000000 	0.0000000 	0.0000000 	1.6024658 	0.0000000
-------------------------
1		2		3		4		5		UV
0.0000000 	0.0000000 	0.0000000 	0.0000000 	1.2898682 	0.0000000
-------------------------
1		2		3		4		5		UV
0.0000000 	0.0000000 	0.0000000 	0.0000000 	1.0779785 	0.0000000
-------------------------
1		2		3		4		5		UV
0.0000000 	0.0000000 	0.0000000 	0.0000000 	0.9192627 	0.0000000
-------------------------
1		2		3		4		5		UV
0.0000000 	0.0000000 	0.0000000 	0.0000000 	0.8024414 	0.0000000
-------------------------
1		2		3		4		5		UV
0.0000000 	0.0000000 	0.0000000 	0.0000000 	0.7170410 	0.0000000
-------------------------
1		2		3		4		5		UV
0.0000000 	0.0000000 	0.0000000 	0.0000000 	0.6550049 	0.0000000
-------------------------
1		2		3		4		5		UV
0.0000000 	0.0000000 	0.0000000 	0.0000000 	0.6082764 	0.0000000
-------------------------
1		2		3		4		5		UV
0.0000000 	0.0000000 	0.0000000 	0.0000000 	0.5744385 	0.0000000
-------------------------
1		2		3		4		5		UV
0.0000000 	0.0000000 	0.0000000 	0.0000000 	0.5494629 	0.0000000
-------------------------
1		2		3		4		5		UV
0.0000000 	0.0000000 	0.0000000 	0.0000000 	0.5301270 	0.0000000
-------------------------
1		2		3		4		5		UV
0.0000000 	0.0000000 	0.0000000 	0.0000000 	0.5164307 	0.0000000
-------------------------
1		2		3		4		5		UV
0.0000000 	0.0000000 	0.0000000 	0.0000000 	0.5075684 	0.0000000
-------------------------
1		2		3		4		5		UV
0.0000000 	0.0000000 	0.0000000 	0.0000000 	0.5019287 	0.0000000
-------------------------
1		2		3		4		5		UV
0.0000000 	0.0000000 	0.0000000 	0.0000000 	0.4970947 	0.0000000
-------------------------
1		2		3		4		5		UV
0.0000000 	0.0000000 	0.0000000 	0.0000000 	0.4946777 	0.0000000
-------------------------
1		2		3		4		5		UV
0.0000000 	0.0000000 	0.0000000 	0.0000000 	0.4930664 	0.0000000
-------------------------
1		2		3		4		5		UV
0.0000000 	0.0000000 	0.0000000 	0.0000000 	0.4922607 	0.0000000
-------------------------
1		2		3		4		5		UV
0.0000000 	0.0000000 	0.0000000 	0.0000000 	0.4922607 	0.0000000
-------------------------
1		2		3		4		5		UV
0.0000000 	0.0000000 	0.0000000 	0.0000000 	0.4914551 	0.0000000
-------------------------
1		2		3		4		5		UV
0.0000000 	0.0000000 	0.0000000 	0.0000000 	0.0000000 	0.0000000
-------------------------
1		2		3		4		5		UV
0.4906494 	0.4906494 	0.4906494 	0.0000000 	0.0000000 	0.0000000
-------------------------
1		2		3		4		5		UV
0.0000000 	0.0000000 	0.0000000 	0.0000000 	0.4906494 	0.0000000
-------------------------
1		2		3		4		5		UV
0.0000000 	0.0000000 	0.0000000 	0.0000000 	0.4898437 	0.0000000
-------------------------
1		2		3		4		5		UV
0.0000000 	0.0000000 	0.0000000 	0.0000000 	0.4906494 	0.0000000
-------------------------
1		2		3		4		5		UV
0.0000000 	0.0000000 	0.0000000 	0.0000000 	0.4906494 	0.0000000
-------------------------
1		2		3		4		5		UV
0.0000000 	0.0000000 	0.0000000 	0.0000000 	0.4898437 	0.0000000
-------------------------
1		2		3		4		5		UV
0.0000000 	0.0000000 	0.0000000 	0.0000000 	0.4906494 	0.0000000
-------------------------
1		2		3		4		5		UV
0.0000000 	0.0000000 	0.0000000 	0.0000000 	0.4898437 	0.0000000
-------------------------
1		2		3		4		5		UV
0.0000000 	0.0000000 	0.0000000 	0.0000000 	0.4898437 	0.0000000
-------------------------
1		2		3		4		5		UV
0.0000000 	0.0000000 	0.0000000 	0.0000000 	0.4898437 	0.0000000
-------------------------
1		2		3		4		5		UV
0.0000000 	0.0000000 	0.0000000 	0.0000000 	0.4890381 	0.0000000
-------------------------
1		2		3		4		5		UV
0.0000000 	0.0000000 	0.0000000 	0.0000000 	0.4890381 	0.0000000
-------------------------
1		2		3		4		5		UV
0.0000000 	0.0000000 	0.0000000 	0.0000000 	0.4890381 	0.0000000
-------------------------
1		2		3		4		5		UV
0.0000000 	0.0000000 	0.0000000 	0.0000000 	0.4890381 	0.0000000
-------------------------
1		2		3		4		5		UV
0.0000000 	0.0000000 	0.0000000 	0.0000000 	0.4898437 	0.0000000
-------------------------
1		2		3		4		5		UV
0.0000000 	0.0000000 	0.0000000 	0.0000000 	0.4930664 	0.0000000
-------------------------
1		2		3		4		5		UV
0.0000000 	0.0000000 	0.0000000 	0.0000000 	0.5003174 	0.0000000
-------------------------
1		2		3		4		5		UV
0.0000000 	0.0000000 	0.0000000 	0.0000000 	0.5115967 	0.0000000
-------------------------
1		2		3		4		5		UV
0.0000000 	0.0000000 	0.0000000 	0.0000000 	0.5260986 	0.0000000
-------------------------
1		2		3		4		5		UV
0.0000000 	0.0000000 	0.0000000 	0.0000000 	0.5470459 	0.0000000
-------------------------
1		2		3		4		5		UV
0.0000000 	0.0000000 	0.0000000 	0.0000000 	0.5744385 	0.0000000
-------------------------
1		2		3		4		5		UV
0.0000000 	0.0000000 	0.0000000 	0.0000000 	0.6131104 	0.0000000
-------------------------
1		2		3		4		5		UV
0.0000000 	0.0000000 	0.0000000 	0.0000000 	0.6646729 	0.0000000
-------------------------
1		2		3		4		5		UV
0.0000000 	0.0000000 	0.0000000 	0.0000000 	0.7420166 	0.0000000
-------------------------
1		2		3		4		5		UV
0.0000000 	0.0000000 	0.0000000 	0.0000000 	0.8572266 	0.0000000
-------------------------
1		2		3		4		5		UV
0.0000000 	0.0000000 	0.0000000 	0.0000000 	1.0296387 	0.0000000
-------------------------
1		2		3		4		5		UV
0.0000000 	0.0000000 	0.0000000 	0.0000000 	1.2785889 	0.0000000
-------------------------
1		2		3		4		5		UV
0.0000000 	0.0000000 	0.0000000 	0.0000000 	1.6193848 	0.0000000
-------------------------
1		2		3		4		5		UV
0.0000000 	0.0000000 	0.0000000 	0.0000000 	2.0415527 	0.0000000
-------------------------
1		2		3		4		5		UV
0.0000000 	0.0000000 	0.0000000 	0.0000000 	2.5386475 	0.0000000
-------------------------
1		2		3		4		5		UV
0.0000000 	0.0000000 	0.0000000 	0.0000000 	3.1082520 	0.0000000
-------------------------
1		2		3		4		5		UV
0.0000000 	0.0000000 	0.0000000 	0.0000000 	3.2830811 	0.0000000
-------------------------
1		2		3		4		5		UV
0.0000000 	0.0000000 	0.0000000 	0.0000000 	3.2830811 	0.0000000
-------------------------
1		2		3		4		5		UV
0.0000000 	0.0000000 	0.0000000 	0.0000000 	0.0000000 	0.0000000
-------------------------
1		2		3		4		5		UV
3.2830811 	0.0000000 	0.0000000 	0.0000000 	0.0000000 	3.2830811
-------------------------
1		2		3		4		5		UV
0.0000000 	0.0000000 	0.0000000 	0.0000000 	3.2830811 	0.0000000
-------------------------
1		2		3		4		5		UV
0.0000000 	0.0000000 	0.0000000 	0.0000000 	3.2830811 	0.0000000
-------------------------
1		2		3		4		5		UV
0.0000000 	0.0000000 	0.0000000 	0.0000000 	3.2830811 	0.0000000
-------------------------
1		2		3		4		5		UV
0.0000000 	0.0000000 	0.0000000 	0.0000000 	3.2830811 	0.0000000
-------------------------
1		2		3		4		5		UV
0.0000000 	0.0000000 	0.0000000 	0.0000000 	3.2830811 	0.0000000
-------------------------
1		2		3		4		5		UV
0.0000000 	0.0000000 	0.0000000 	0.0000000 	3.2830811 	0.0000000
-------------------------
1		2		3		4		5		UV
0.0000000 	0.0000000 	0.0000000 	0.0000000 	3.2830811 	0.0000000
-------------------------
1		2		3		4		5		UV
0.0000000 	0.0000000 	0.0000000 	0.0000000 	3.2830811 	0.0000000
-------------------------
1		2		3		4		5		UV
0.0000000 	0.0000000 	0.0000000 	0.0000000 	3.2830811 	0.0000000
-------------------------
1		2		3		4		5		UV
0.0000000 	0.0000000 	0.0000000 	0.0000000 	3.2830811 	0.0000000
-------------------------
1		2		3		4		5		UV
0.0000000 	0.0000000 	0.0000000 	0.0000000 	3.2830811 	0.0000000
-------------------------
1		2		3		4		5		UV
0.0000000 	0.0000000 	0.0000000 	0.0000000 	3.2830811 	0.0000000
-------------------------
1		2		3		4		5		UV
0.0000000 	0.0000000 	0.0000000 	0.0000000 	3.2830811 	0.0000000
-------------------------
1		2		3		4		5		UV
0.0000000 	0.0000000 	0.0000000 	0.0000000 	3.2830811 	0.0000000
-------------------------
1		2		3		4		5		UV
0.0000000 	0.0000000 	0.0000000 	0.0000000 	3.2830811 	0.0000000
-------------------------
1		2		3		4		5		UV
0.0000000 	0.0000000 	0.0000000 	0.0000000 	3.2830811 	0.0000000
-------------------------
1		2		3		4		5		UV
0.0000000 	0.0000000 	0.0000000 	0.0000000 	3.2830811 	0.0000000
-------------------------
1		2		3		4		5		UV
0.0000000 	0.0000000 	0.0000000 	0.0000000 	3.2830811 	0.0000000
-------------------------
1		2		3		4		5		UV
0.0000000 	0.0000000 	0.0000000 	0.0000000 	3.2830811 	0.0000000
-------------------------
1		2		3		4		5		UV
0.0000000 	0.0000000 	0.0000000 	0.0000000 	3.2830811 	0.0000000
-------------------------
1		2		3		4		5		UV
0.0000000 	0.0000000 	0.0000000 	0.0000000 	3.2830811 	0.0000000
-------------------------
1		2		3		4		5		UV
0.0000000 	0.0000000 	0.0000000 	0.0000000 	3.2830811 	0.0000000
-------------------------
1		2		3		4		5		UV
0.0000000 	0.0000000 	0.0000000 	0.0000000 	3.2830811 	0.0000000
-------------------------
1		2		3		4		5		UV
0.0000000 	0.0000000 	0.0000000 	0.0000000 	3.2830811 	0.0000000
-------------------------
1		2		3		4		5		UV
0.0000000 	0.0000000 	0.0000000 	0.0000000 	3.2830811 	0.0000000
-------------------------
1		2		3		4		5		UV
0.0000000 	0.0000000 	0.0000000 	0.0000000 	3.2830811 	0.0000000
-------------------------
1		2		3		4		5		UV
0.0000000 	0.0000000 	0.0000000 	0.0000000 	3.2830811 	0.0000000
-------------------------
1		2		3		4		5		UV
0.0000000 	0.0000000 	0.0000000 	0.0000000 	3.2830811 	0.0000000
-------------------------
1		2		3		4		5		UV
0.0000000 	0.0000000 	0.0000000 	0.0000000 	3.2830811 	0.0000000
-------------------------
1		2		3		4		5		UV
0.0000000 	0.0000000 	0.0000000 	0.0000000 	3.2830811 	0.0000000
-------------------------
1		2		3		4		5		UV
0.0000000 	0.0000000 	0.0000000 	0.0000000 	2.7948486 	0.0000000
-------------------------
1		2		3		4		5		UV
0.0000000 	0.0000000 	0.0000000 	0.0000000 	0.0000000 	0.0000000
-------------------------
1		2		3		4		5		UV
1.8006592 	1.7015625 	1.6097168 	0.0000000 	0.0000000 	0.0000000
-------------------------
1		2		3		4		5		UV
0.0000000 	0.0000000 	0.0000000 	0.0000000 	1.0852295 	0.0000000
-------------------------
1		2		3		4		5		UV
0.0000000 	0.0000000 	0.0000000 	0.0000000 	0.8838135 	0.0000000
-------------------------
1		2		3		4		5		UV
0.0000000 	0.0000000 	0.0000000 	0.0000000 	0.7508789 	0.0000000
-------------------------
1		2		3		4		5		UV
0.0000000 	0.0000000 	0.0000000 	0.0000000 	0.6622559 	0.0000000
-------------------------
1		2		3		4		5		UV
0.0000000 	0.0000000 	0.0000000 	0.0000000 	0.6026367 	0.0000000
-------------------------
1		2		3		4		5		UV
0.0000000 	0.0000000 	0.0000000 	0.0000000 	0.5623535 	0.0000000
-------------------------
1		2		3		4		5		UV
0.0000000 	0.0000000 	0.0000000 	0.0000000 	0.5357666 	0.0000000
-------------------------
1		2		3		4		5		UV
0.0000000 	0.0000000 	0.0000000 	0.0000000 	0.5204590 	0.0000000
-------------------------
1		2		3		4		5		UV
0.0000000 	0.0000000 	0.0000000 	0.0000000 	0.5406006 	0.0000000
-------------------------
1		2		3		4		5		UV
0.0000000 	0.0000000 	0.0000000 	0.0000000 	0.6139160 	0.0000000
-------------------------
1		2		3		4		5		UV
0.0000000 	0.0000000 	0.0000000 	0.0000000 	0.6936768 	0.0000000
-------------------------
1		2		3		4		5		UV
0.0000000 	0.0000000 	0.0000000 	0.0000000 	0.6517822 	0.0000000
-------------------------
1		2		3		4		5		UV
0.0000000 	0.0000000 	0.0000000 	0.0000000 	0.5905518 	0.0000000
-------------------------
1		2		3		4		5		UV
0.0000000 	0.0000000 	0.0000000 	0.0000000 	0.5486572 	0.0000000
-------------------------
1		2		3		4		5		UV
0.0000000 	0.0000000 	0.0000000 	0.0000000 	0.5220703 	0.0000000
-------------------------
1		2		3		4		5		UV
0.0000000 	0.0000000 	0.0000000 	0.0000000 	0.5067627 	0.0000000
-------------------------
1		2		3		4		5		UV
0.0000000 	0.0000000 	0.0000000 	0.0000000 	0.4979004 	0.0000000
-------------------------
1		2		3		4		5		UV
0.0000000 	0.0000000 	0.0000000 	0.0000000 	0.4930664 	0.0000000
-------------------------
1		2		3		4		5		UV
0.0000000 	0.0000000 	0.0000000 	0.0000000 	0.4914551 	0.0000000
-------------------------
1		2		3		4		5		UV
0.0000000 	0.0000000 	0.0000000 	0.0000000 	0.4906494 	0.0000000
-------------------------
1		2		3		4		5		UV
0.0000000 	0.0000000 	0.0000000 	0.0000000 	0.4890381 	0.0000000
-------------------------
1		2		3		4		5		UV
0.0000000 	0.0000000 	0.0000000 	0.0000000 	0.4874268 	0.0000000
-------------------------
1		2		3		4		5		UV
0.0000000 	0.0000000 	0.0000000 	0.0000000 	0.4866211 	0.0000000
-------------------------
1		2		3		4		5		UV
0.0000000 	0.0000000 	0.0000000 	0.0000000 	0.4874268 	0.0000000
-------------------------
1		2		3		4		5		UV
0.0000000 	0.0000000 	0.0000000 	0.0000000 	0.4874268 	0.0000000
-------------------------
1		2		3		4		5		UV
0.0000000 	0.0000000 	0.0000000 	0.0000000 	0.4866211 	0.0000000
-------------------------
1		2		3		4		5		UV
0.0000000 	0.0000000 	0.0000000 	0.0000000 	0.4874268 	0.0000000
-------------------------
1		2		3		4		5		UV
0.0000000 	0.0000000 	0.0000000 	0.0000000 	0.4874268 	0.0000000
-------------------------
1		2		3		4		5		UV
0.0000000 	0.0000000 	0.0000000 	0.0000000 	0.4882324 	0.0000000
-------------------------
1		2		3		4		5		UV
0.0000000 	0.0000000 	0.0000000 	0.0000000 	0.4882324 	0.0000000
-------------------------
1		2		3		4		5		UV
0.0000000 	0.0000000 	0.0000000 	0.0000000 	0.4890381 	0.0000000
-------------------------
1		2		3		4		5		UV
0.0000000 	0.0000000 	0.0000000 	0.0000000 	0.4890381 	0.0000000
-------------------------
1		2		3		4		5		UV
0.0000000 	0.0000000 	0.0000000 	0.0000000 	0.4890381 	0.0000000
-------------------------
1		2		3		4		5		UV
0.0000000 	0.0000000 	0.0000000 	0.0000000 	0.0000000 	0.4890381
-------------------------
1		2		3		4		5		UV
0.0000000 	0.0000000 	0.0000000 	0.0000000 	0.4898437 	0.0000000
-------------------------
1		2		3		4		5		UV
0.0000000 	0.0000000 	0.0000000 	0.0000000 	0.4890381 	0.0000000
-------------------------
1		2		3		4		5		UV
0.0000000 	0.0000000 	0.0000000 	0.0000000 	0.4898437 	0.0000000
-------------------------
1		2		3		4		5		UV
0.0000000 	0.0000000 	0.0000000 	0.0000000 	0.4898437 	0.0000000
-------------------------
1		2		3		4		5		UV
0.0000000 	0.0000000 	0.0000000 	0.0000000 	0.4898437 	0.0000000
-------------------------
1		2		3		4		5		UV
0.0000000 	0.0000000 	0.0000000 	0.0000000 	0.4898437 	0.0000000
-------------------------
1		2		3		4		5		UV
0.0000000 	0.0000000 	0.0000000 	0.0000000 	0.4898437 	0.0000000
-------------------------
1		2		3		4		5		UV
0.0000000 	0.0000000 	0.0000000 	0.0000000 	0.4890381 	0.0000000
-------------------------
1		2		3		4		5		UV
0.0000000 	0.0000000 	0.0000000 	0.0000000 	0.4890381 	0.0000000
-------------------------
1		2		3		4		5		UV
0.0000000 	0.0000000 	0.0000000 	0.0000000 	0.4898437 	0.0000000
-------------------------
1		2		3		4		5		UV
0.0000000 	0.0000000 	0.0000000 	0.0000000 	0.4890381 	0.0000000
-------------------------
1		2		3		4		5		UV
0.0000000 	0.0000000 	0.0000000 	0.0000000 	0.4882324 	0.0000000
-------------------------
1		2		3		4		5		UV
0.0000000 	0.0000000 	0.0000000 	0.0000000 	0.4890381 	0.0000000
-------------------------
1		2		3		4		5		UV
0.0000000 	0.0000000 	0.0000000 	0.0000000 	0.4890381 	0.0000000
-------------------------
1		2		3		4		5		UV
0.0000000 	0.0000000 	0.0000000 	0.0000000 	0.4898437 	0.0000000
-------------------------
1		2		3		4		5		UV
0.0000000 	0.0000000 	0.0000000 	0.0000000 	0.4946777 	0.0000000
-------------------------
1		2		3		4		5		UV
0.0000000 	0.0000000 	0.0000000 	0.0000000 	0.5027344 	0.0000000
-------------------------
1		2		3		4		5		UV
0.0000000 	0.0000000 	0.0000000 	0.0000000 	0.5132080 	0.0000000
-------------------------
1		2		3		4		5		UV
0.0000000 	0.0000000 	0.0000000 	0.0000000 	0.5277100 	0.0000000
-------------------------
1		2		3		4		5		UV
0.0000000 	0.0000000 	0.0000000 	0.0000000 	0.5454346 	0.0000000
-------------------------
1		2		3		4		5		UV
0.0000000 	0.0000000 	0.0000000 	0.0000000 	0.5671875 	0.0000000
-------------------------
1		2		3		4		5		UV
0.0000000 	0.0000000 	0.0000000 	0.0000000 	0.5978027 	0.0000000
-------------------------
1		2		3		4		5		UV
0.0000000 	0.0000000 	0.0000000 	0.0000000 	0.6421143 	0.0000000
-------------------------
1		2		3		4		5		UV
0.0000000 	0.0000000 	0.0000000 	0.0000000 	0.7001221 	0.0000000
-------------------------
1		2		3		4		5		UV
0.0000000 	0.0000000 	0.0000000 	0.0000000 	0.7782715 	0.0000000
-------------------------
1		2		3		4		5		UV
0.0000000 	0.0000000 	0.0000000 	0.0000000 	0.8950928 	0.0000000
-------------------------
1		2		3		4		5		UV
0.0000000 	0.0000000 	0.0000000 	0.0000000 	1.0747559 	0.0000000
-------------------------
1		2		3		4		5		UV
0.0000000 	0.0000000 	0.0000000 	0.0000000 	1.3446533 	0.0000000
-------------------------
1		2		3		4		5		UV
0.0000000 	0.0000000 	0.0000000 	0.0000000 	1.8135498 	0.0000000
-------------------------
1		2		3		4		5		UV
0.0000000 	0.0000000 	0.0000000 	0.0000000 	2.3976562 	0.0000000
-------------------------
1		2		3		4		5		UV
0.0000000 	0.0000000 	0.0000000 	0.0000000 	3.2814697 	0.0000000
-------------------------
1		2		3		4		5		UV
0.0000000 	0.0000000 	0.0000000 	0.0000000 	0.0000000 	0.0000000
-------------------------
1		2		3		4		5		UV
3.2830811 	0.0000000 	0.0000000 	0.0000000 	0.0000000 	3.2830811
-------------------------
1		2		3		4		5		UV
0.0000000 	0.0000000 	0.0000000 	0.0000000 	3.2830811 	0.0000000
-------------------------
1		2		3		4		5		UV
0.0000000 	0.0000000 	0.0000000 	0.0000000 	3.2830811 	0.0000000
-------------------------
1		2		3		4		5		UV
0.0000000 	0.0000000 	0.0000000 	0.0000000 	3.2822754 	0.0000000
-------------------------
1		2		3		4		5		UV
0.0000000 	0.0000000 	0.0000000 	0.0000000 	3.2830811 	0.0000000
-------------------------
1		2		3		4		5		UV
0.0000000 	0.0000000 	0.0000000 	0.0000000 	3.2830811 	0.0000000
-------------------------
1		2		3		4		5		UV
0.0000000 	0.0000000 	0.0000000 	0.0000000 	3.2830811 	0.0000000
-------------------------
1		2		3		4		5		UV
0.0000000 	0.0000000 	0.0000000 	0.0000000 	3.2830811 	0.0000000
-------------------------
1		2		3		4		5		UV
0.0000000 	0.0000000 	0.0000000 	0.0000000 	3.2830811 	0.0000000
-------------------------
1		2		3		4		5		UV
0.0000000 	0.0000000 	0.0000000 	0.0000000 	3.2830811 	0.0000000
-------------------------
1		2		3		4		5		UV
0.0000000 	0.0000000 	0.0000000 	0.0000000 	3.2830811 	0.0000000
-------------------------
1		2		3		4		5		UV
0.0000000 	0.0000000 	0.0000000 	0.0000000 	3.2830811 	0.0000000
-------------------------
1		2		3		4		5		UV
0.0000000 	0.0000000 	0.0000000 	0.0000000 	3.2830811 	0.0000000
-------------------------
1		2		3		4		5		UV
0.0000000 	0.0000000 	0.0000000 	0.0000000 	3.2830811 	0.0000000
-------------------------
1		2		3		4		5		UV
0.0000000 	0.0000000 	0.0000000 	0.0000000 	3.2830811 	0.0000000
-------------------------
1		2		3		4		5		UV
0.0000000 	0.0000000 	0.0000000 	0.0000000 	3.2830811 	0.0000000
-------------------------
1		2		3		4		5		UV
0.0000000 	0.0000000 	0.0000000 	0.0000000 	3.2830811 	0.0000000
-------------------------
1		2		3		4		5		UV
0.0000000 	0.0000000 	0.0000000 	0.0000000 	3.2830811 	0.0000000
-------------------------
1		2		3		4		5		UV
0.0000000 	0.0000000 	0.0000000 	0.0000000 	3.2830811 	0.0000000
-------------------------
1		2		3		4		5		UV
0.0000000 	0.0000000 	0.0000000 	0.0000000 	3.2202393 	0.0000000
-------------------------
1		2		3		4		5		UV
0.0000000 	0.0000000 	0.0000000 	0.0000000 	2.5434814 	0.0000000
-------------------------
1		2		3		4		5		UV
0.0000000 	0.0000000 	0.0000000 	0.0000000 	1.9956299 	0.0000000
-------------------------
1		2		3		4		5		UV
0.0000000 	0.0000000 	0.0000000 	0.0000000 	1.5774902 	0.0000000
-------------------------
1		2		3		4		5		UV
0.0000000 	0.0000000 	0.0000000 	0.0000000 	1.2632812 	0.0000000
-------------------------
1		2		3		4		5		UV
0.0000000 	0.0000000 	0.0000000 	0.0000000 	1.0296387 	0.0000000
-------------------------
1		2		3		4		5		UV
0.0000000 	0.0000000 	0.0000000 	0.0000000 	0.8644775 	0.0000000
-------------------------
1		2		3		4		5		UV
0.0000000 	0.0000000 	0.0000000 	0.0000000 	0.7444336 	0.0000000
-------------------------
1		2		3		4		5		UV
0.0000000 	0.0000000 	0.0000000 	0.0000000 	0.6590332 	0.0000000
-------------------------
1		2		3		4		5		UV
0.0000000 	0.0000000 	0.0000000 	0.0000000 	0.6018311 	0.0000000
-------------------------
1		2		3		4		5		UV
0.0000000 	0.0000000 	0.0000000 	0.0000000 	0.5639648 	0.0000000
-------------------------
1		2		3		4		5		UV
0.0000000 	0.0000000 	0.0000000 	0.0000000 	0.5381836 	0.0000000
-------------------------
1		2		3		4		5		UV
0.0000000 	0.0000000 	0.0000000 	0.0000000 	0.5196533 	0.0000000
-------------------------
1		2		3		4		5		UV
0.0000000 	0.0000000 	0.0000000 	0.0000000 	0.5075684 	0.0000000
-------------------------
1		2		3		4		5		UV
0.0000000 	0.0000000 	0.5011230 	0.5003174 	0.4987061 	0.0000000
-------------------------
1		2		3		4		5		UV
0.0000000 	0.0000000 	0.0000000 	0.0000000 	0.4922607 	0.0000000
-------------------------
1		2		3		4		5		UV
0.0000000 	0.0000000 	0.0000000 	0.0000000 	0.4874268 	0.0000000
-------------------------
1		2		3		4		5		UV
0.0000000 	0.0000000 	0.0000000 	0.0000000 	0.4833984 	0.0000000
-------------------------
1		2		3		4		5		UV
0.0000000 	0.0000000 	0.0000000 	0.0000000 	0.4809814 	0.0000000
-------------------------
1		2		3		4		5		UV
0.0000000 	0.0000000 	0.0000000 	0.0000000 	0.4793701 	0.0000000
-------------------------
1		2		3		4		5		UV
0.0000000 	0.0000000 	0.0000000 	0.0000000 	0.4777588 	0.0000000
-------------------------
1		2		3		4		5		UV
0.0000000 	0.0000000 	0.0000000 	0.0000000 	0.4769531 	0.0000000
-------------------------
1		2		3		4		5		UV
0.0000000 	0.0000000 	0.0000000 	0.0000000 	0.4777588 	0.0000000
-------------------------
1		2		3		4		5		UV
0.0000000 	0.0000000 	0.0000000 	0.0000000 	0.4777588 	0.0000000
-------------------------
1		2		3		4		5		UV
0.0000000 	0.0000000 	0.0000000 	0.0000000 	0.4793701 	0.0000000
-------------------------
1		2		3		4		5		UV
0.0000000 	0.0000000 	0.0000000 	0.0000000 	0.4833984 	0.0000000
-------------------------
1		2		3		4		5		UV
0.0000000 	0.0000000 	0.0000000 	0.0000000 	0.4890381 	0.0000000
-------------------------
1		2		3		4		5		UV
0.0000000 	0.0000000 	0.0000000 	0.0000000 	0.4946777 	0.0000000
-------------------------
1		2		3		4		5		UV
0.0000000 	0.0000000 	0.0000000 	0.0000000 	0.4995117 	0.0000000
-------------------------
1		2		3		4		5		UV
0.0000000 	0.0000000 	0.0000000 	0.0000000 	0.5043457 	0.0000000
-------------------------
1		2		3		4		5		UV
0.0000000 	0.0000000 	0.0000000 	0.0000000 	0.5083740 	0.0000000
-------------------------
1		2		3		4		5		UV
0.0000000 	0.0000000 	0.0000000 	0.0000000 	0.5107910 	0.0000000
-------------------------
1		2		3		4		5		UV
0.0000000 	0.0000000 	0.0000000 	0.0000000 	0.5132080 	0.0000000
-------------------------
1		2		3		4		5		UV
0.0000000 	0.0000000 	0.0000000 	0.0000000 	0.5148193 	0.0000000
-------------------------
1		2		3		4		5		UV
0.0000000 	0.0000000 	0.0000000 	0.0000000 	0.5164307 	0.0000000
-------------------------
1		2		3		4		5		UV
0.0000000 	0.0000000 	0.0000000 	0.0000000 	0.5172363 	0.0000000
-------------------------
1		2		3		4		5		UV
0.0000000 	0.0000000 	0.0000000 	0.0000000 	0.5172363 	0.0000000
-------------------------
1		2		3		4		5		UV
0.0000000 	0.0000000 	0.0000000 	0.0000000 	0.5180420 	0.0000000
-------------------------
1		2		3		4		5		UV
0.0000000 	0.0000000 	0.0000000 	0.0000000 	0.5180420 	0.0000000
-------------------------
1		2		3		4		5		UV
0.0000000 	0.0000000 	0.0000000 	0.0000000 	0.5188477 	0.0000000
-------------------------
1		2		3		4		5		UV
0.0000000 	0.0000000 	0.0000000 	0.0000000 	0.5188477 	0.0000000
-------------------------
1		2		3		4		5		UV
0.0000000 	0.0000000 	0.0000000 	0.0000000 	0.5188477 	0.0000000
-------------------------
1		2		3		4		5		UV
0.0000000 	0.0000000 	0.0000000 	0.0000000 	0.5188477 	0.0000000
-------------------------
1		2		3		4		5		UV
0.0000000 	0.0000000 	0.0000000 	0.0000000 	0.5196533 	0.0000000
-------------------------
1		2		3		4		5		UV
0.0000000 	0.0000000 	0.0000000 	0.0000000 	0.5196533 	0.0000000
-------------------------
1		2		3		4		5		UV
0.0000000 	0.0000000 	0.0000000 	0.0000000 	0.5196533 	0.0000000
-------------------------
1		2		3		4		5		UV
0.0000000 	0.0000000 	0.0000000 	0.0000000 	0.5196533 	0.0000000
-------------------------
1		2		3		4		5		UV
0.0000000 	0.0000000 	0.0000000 	0.0000000 	0.0000000 	0.0000000
-------------------------
1		2		3		4		5		UV
0.5196533 	0.5196533 	0.0000000 	0.0000000 	0.0000000 	0.5196533
-------------------------
1		2		3		4		5		UV
0.0000000 	0.0000000 	0.0000000 	0.0000000 	0.5196533 	0.0000000
-------------------------
1		2		3		4		5		UV
0.0000000 	0.0000000 	0.0000000 	0.0000000 	0.5204590 	0.0000000
-------------------------
